327 1 5 25
948 1 5 25
990 1 5 25
736 1 5 25
164 1 5 25
860 1 5 25
584 1 5 25
702 1 5 25
248 1 5 25
899 1 5 25
325 1 5 25
265 1 5 25
579 1 5 25
619 1 5 25
948 1 5 25
636 1 5 25
973 1 5 25
682 1 5 25
790 1 5 25
712 1 5 25
931 1 5 25
560 1 5 25
629 1 5 25
206 1 5 25
169 1 5 25
486 1 5 25
540 1 5 25
585 1 5 25
956 1 5 25
389 1 5 25
181 1 5 25
948 1 5 25
212 1 5 25
493 1 5 25
505 1 5 25
519 1 5 25
267 1 5 25
338 1 5 25
816 1 5 25
258 1 5 25
845 1 5 25
828 1 5 25
587 1 5 25
770 1 5 25
56 1 5 25
449 1 5 25
900 1 5 25
184 1 5 25
199 1 5 25
780 1 5 25
567 1 5 25
773 1 5 25
474 1 5 25
763 1 5 25
685 1 5 25
624 1 5 25
350 1 5 25
532 1 5 25
648 1 5 25
45 1 5 25
693 1 5 25
93 1 5 25
490 1 5 25
198 1 5 25
560 1 5 25
117 1 5 25
523 1 5 25
937 1 5 25
292 1 5 25
746 1 5 25
700 1 5 25
676 1 5 25
893 1 5 25
77 1 5 25
39 1 5 25
93 1 5 25
316 1 5 25
452 1 5 25
947 1 5 25
691 1 5 25
864 1 5 25
201 1 5 25
545 1 5 25
18 1 5 25
144 1 5 25
237 1 5 25
659 1 5 25
251 1 5 25
887 1 5 25
220 1 5 25
396 1 5 25
597 1 5 25
424 1 5 25
940 1 5 25
319 1 5 25
99 1 5 25
636 1 5 25
87 1 5 25
341 1 5 25
490 1 5 25
705 1 5 25
196 1 5 25
495 1 5 25
481 1 5 25
876 1 5 25
369 1 5 25
158 1 5 25
733 1 5 25
148 1 5 25
165 1 5 25
441 1 5 25
8 1 5 25
16 1 5 25
508 1 5 25
194 1 5 25
278 1 5 25
963 1 5 25
726 1 5 25
547 1 5 25
823 1 5 25
637 1 5 25
696 1 5 25
126 1 5 25
739 1 5 25
704 1 5 25
606 1 5 25
238 1 5 25
290 1 5 25
394 1 5 25
547 1 5 25
62 1 5 25
335 1 5 25
401 1 5 25
920 1 5 25
634 1 5 25
884 1 5 25
956 1 5 25
240 1 5 25
59 1 5 25
536 1 5 25
235 1 5 25
810 1 5 25
216 1 5 25
616 1 5 25
574 1 5 25
910 1 5 25
39 1 5 25
591 1 5 25
657 1 5 25
752 1 5 25
100 1 5 25
402 1 5 25
665 1 5 25
606 1 5 25
321 1 5 25
338 1 5 25
592 1 5 25
321 1 5 25
794 1 5 25
88 1 5 25
95 1 5 25
242 1 5 25
248 1 5 25
111 1 5 25
725 1 5 25
443 1 5 25
552 1 5 25
219 1 5 25
129 1 5 25
311 1 5 25
677 1 5 25
220 1 5 25
967 1 5 25
803 1 5 25
452 1 5 25
877 1 5 25
343 1 5 25
218 1 5 25
298 1 5 25
226 1 5 25
954 1 5 25
217 1 5 25
323 1 5 25
591 1 5 25
307 1 5 25
246 1 5 25
671 1 5 25
199 1 5 25
966 1 5 25
257 1 5 25
902 1 5 25
360 1 5 25
816 1 5 25
659 1 5 25
600 1 5 25
410 1 5 25
740 1 5 25
699 1 5 25
742 1 5 25
671 1 5 25
60 1 5 25
875 1 5 25
880 1 5 25
211 1 5 25
204 1 5 25
921 1 5 25
307 1 5 25
806 1 5 25
96 1 5 25
862 1 5 25
295 1 5 25
330 1 5 25
803 1 5 25
287 1 5 25
28 1 5 25
360 1 5 25
437 1 5 25
119 1 5 25
706 1 5 25
150 1 5 25
929 1 5 25
211 1 5 25
932 1 5 25
930 1 5 25
32 1 5 25
758 1 5 25
387 1 5 25
729 1 5 25
407 1 5 25
36 1 5 25
990 1 5 25
704 1 5 25
198 1 5 25
826 1 5 25
329 1 5 25
650 1 5 25
33 1 5 25
669 1 5 25
369 1 5 25
926 1 5 25
24 1 5 25
622 1 5 25
892 1 5 25
941 1 5 25
87 1 5 25
789 1 5 25
76 1 5 25
600 1 5 25
751 1 5 25
78 1 5 25
589 1 5 25
838 1 5 25
494 1 5 25
850 1 5 25
598 1 5 25
210 1 5 25
514 1 5 25
325 1 5 25
869 1 5 25
860 1 5 25
47 1 5 25
238 1 5 25
183 1 5 25
820 1 5 25
67 1 5 25
348 1 5 25
945 1 5 25
616 1 5 25
173 1 5 25
244 1 5 25
5 1 5 25
271 1 5 25
393 1 5 25
418 1 5 25
458 1 5 25
486 1 5 25
275 1 5 25
446 1 5 25
871 1 5 25
34 1 5 25
46 1 5 25
108 1 5 25
585 1 5 25
583 1 5 25
187 1 5 25
258 1 5 25
247 1 5 25
318 1 5 25
268 1 5 25
874 1 5 25
344 1 5 25
306 1 5 25
115 1 5 25
78 1 5 25
171 1 5 25
521 1 5 25
301 1 5 25
572 1 5 25
689 1 5 25
52 1 5 25
812 1 5 25
471 1 5 25
737 1 5 25
266 1 5 25
426 1 5 25
935 1 5 25
574 1 5 25
538 1 5 25
624 1 5 25
38 1 5 25
103 1 5 25
267 1 5 25
821 1 5 25
446 1 5 25
786 1 5 25
482 1 5 25
492 1 5 25
91 1 5 25
833 1 5 25
21 1 5 25
324 1 5 25
827 1 5 25
300 1 5 25
274 1 5 25
732 1 5 25
866 1 5 25
148 1 5 25
279 1 5 25
879 1 5 25
280 1 5 25
855 1 5 25
140 1 5 25
473 1 5 25
790 1 5 25
173 1 5 25
80 1 5 25
718 1 5 25
471 1 5 25
773 1 5 25
697 1 5 25
262 1 5 25
115 1 5 25
638 1 5 25
11 1 5 25
437 1 5 25
747 1 5 25
503 1 5 25
701 1 5 25
788 1 5 25
222 1 5 25
354 1 5 25
359 1 5 25
403 1 5 25
327 1 5 25
938 1 5 25
864 1 5 25
708 1 5 25
632 1 5 25
798 1 5 25
341 1 5 25
756 1 5 25
268 1 5 25
525 1 5 25
13 1 5 25
58 1 5 25
997 1 5 25
910 1 5 25
776 1 5 25
555 1 5 25
792 1 5 25
383 1 5 25
36 1 5 25
357 1 5 25
942 1 5 25
51 1 5 25
165 1 5 25
103 1 5 25
576 1 5 25
731 1 5 25
327 1 5 25
182 1 5 25
992 1 5 25
34 1 5 25
521 1 5 25
717 1 5 25
504 1 5 25
531 1 5 25
896 1 5 25
628 1 5 25
57 1 5 25
937 1 5 25
88 1 5 25
776 1 5 25
902 1 5 25
778 1 5 25
26 1 5 25
352 1 5 25
136 1 5 25
993 1 5 25
491 1 5 25
452 1 5 25
109 1 5 25
307 1 5 25
741 1 5 25
935 1 5 25
619 1 5 25
267 1 5 25
858 1 5 25
45 1 5 25
658 1 5 25
805 1 5 25
605 1 5 25
387 1 5 25
304 1 5 25
148 1 5 25
952 1 5 25
985 1 5 25
929 1 5 25
544 1 5 25
910 1 5 25
995 1 5 25
255 1 5 25
995 1 5 25
507 1 5 25
774 1 5 25
177 1 5 25
307 1 5 25
950 1 5 25
153 1 5 25
682 1 5 25
805 1 5 25
957 1 5 25
291 1 5 25
398 1 5 25
413 1 5 25
328 1 5 25
959 1 5 25
286 1 5 25
555 1 5 25
838 1 5 25
296 1 5 25
475 1 5 25
29 1 5 25
92 1 5 25
276 1 5 25
70 1 5 25
382 1 5 25
536 1 5 25
280 1 5 25
503 1 5 25
841 1 5 25
26 1 5 25
143 1 5 25
607 1 5 25
773 1 5 25
399 1 5 25
5 1 5 25
936 1 5 25
704 1 5 25
716 1 5 25
788 1 5 25
564 1 5 25
34 1 5 25
671 1 5 25
793 1 5 25
719 1 5 25
539 1 5 25
259 1 5 25
752 1 5 25
535 1 5 25
115 1 5 25
516 1 5 25
116 1 5 25
503 1 5 25
848 1 5 25
662 1 5 25
156 1 5 25
262 1 5 25
528 1 5 25
147 1 5 25
909 1 5 25
542 1 5 25
542 1 5 25
828 1 5 25
756 1 5 25
133 1 5 25
28 1 5 25
764 1 5 25
112 1 5 25
655 1 5 25
936 1 5 25
217 1 5 25
925 1 5 25
538 1 5 25
388 1 5 25
824 1 5 25
79 1 5 25
224 1 5 25
40 1 5 25
804 1 5 25
252 1 5 25
994 1 5 25
326 1 5 25
629 1 5 25
269 1 5 25
415 1 5 25
922 1 5 25
208 1 5 25
741 1 5 25
864 1 5 25
226 1 5 25
873 1 5 25
932 1 5 25
126 1 5 25
771 1 5 25
678 1 5 25
933 1 5 25
527 1 5 25
421 1 5 25
8 1 5 25
929 1 5 25
957 1 5 25
435 1 5 25
520 1 5 25
788 1 5 25
43 1 5 25
377 1 5 25
836 1 5 25
320 1 5 25
816 1 5 25
131 1 5 25
689 1 5 25
125 1 5 25
979 1 5 25
453 1 5 25
523 1 5 25
7 1 5 25
153 1 5 25
770 1 5 25
815 1 5 25
995 1 5 25
652 1 5 25
151 1 5 25
198 1 5 25
820 1 5 25
236 1 5 25
209 1 5 25
491 1 5 25
684 1 5 25
489 1 5 25
963 1 5 25
345 1 5 25
729 1 5 25
187 1 5 25
656 1 5 25
648 1 5 25
993 1 5 25
877 1 5 25
152 1 5 25
456 1 5 25
89 1 5 25
359 1 5 25
843 1 5 25
634 1 5 25
331 1 5 25
50 1 5 25
803 1 5 25
823 1 5 25
939 1 5 25
504 1 5 25
243 1 5 25
150 1 5 25
302 1 5 25
647 1 5 25
564 1 5 25
166 1 5 25
687 1 5 25
209 1 5 25
952 1 5 25
281 1 5 25
757 1 5 25
600 1 5 25
923 1 5 25
173 1 5 25
403 1 5 25
305 1 5 25
318 1 5 25
197 1 5 25
558 1 5 25
996 1 5 25
181 1 5 25
300 1 5 25
691 1 5 25
897 1 5 25
202 1 5 25
263 1 5 25
181 1 5 25
824 1 5 25
713 1 5 25
753 1 5 25
3 1 5 25
297 1 5 25
49 1 5 25
495 1 5 25
419 1 5 25
715 1 5 25
996 1 5 25
129 1 5 25
129 1 5 25
93 1 5 25
323 1 5 25
437 1 5 25
893 1 5 25
380 1 5 25
358 1 5 25
700 1 5 25
359 1 5 25
762 1 5 25
918 1 5 25
829 1 5 25
976 1 5 25
53 1 5 25
869 1 5 25
704 1 5 25
441 1 5 25
627 1 5 25
962 1 5 25
294 1 5 25
676 1 5 25
551 1 5 25
522 1 5 25
448 1 5 25
803 1 5 25
416 1 5 25
543 1 5 25
844 1 5 25
292 1 5 25
406 1 5 25
392 1 5 25
913 1 5 25
417 1 5 25
256 1 5 25
992 1 5 25
44 1 5 25
55 1 5 25
382 1 5 25
58 1 5 25
436 1 5 25
584 1 5 25
718 1 5 25
432 1 5 25
4 1 5 25
486 1 5 25
141 1 5 25
765 1 5 25
518 1 5 25
299 1 5 25
918 1 5 25
478 1 5 25
572 1 5 25
75 1 5 25
530 1 5 25
455 1 5 25
803 1 5 25
24 1 5 25
74 1 5 25
386 1 5 25
859 1 5 25
746 1 5 25
560 1 5 25
524 1 5 25
998 1 5 25
632 1 5 25
526 1 5 25
421 1 5 25
549 1 5 25
764 1 5 25
447 1 5 25
219 1 5 25
546 1 5 25
229 1 5 25
475 1 5 25
465 1 5 25
689 1 5 25
894 1 5 25
386 1 5 25
281 1 5 25
61 1 5 25
961 1 5 25
855 1 5 25
413 1 5 25
359 1 5 25
882 1 5 25
603 1 5 25
985 1 5 25
441 1 5 25
889 1 5 25
509 1 5 25
840 1 5 25
875 1 5 25
360 1 5 25
612 1 5 25
321 1 5 25
448 1 5 25
399 1 5 25
886 1 5 25
554 1 5 25
389 1 5 25
875 1 5 25
308 1 5 25
918 1 5 25
613 1 5 25
244 1 5 25
67 1 5 25
919 1 5 25
751 1 5 25
331 1 5 25
972 1 5 25
396 1 5 25
615 1 5 25
669 1 5 25
905 1 5 25
276 1 5 25
114 1 5 25
116 1 5 25
246 1 5 25
213 1 5 25
479 1 5 25
407 1 5 25
111 1 5 25
484 1 5 25
565 1 5 25
724 1 5 25
348 1 5 25
736 1 5 25
430 1 5 25
214 1 5 25
367 1 5 25
310 1 5 25
267 1 5 25
105 1 5 25
149 1 5 25
821 1 5 25
688 1 5 25
749 1 5 25
851 1 5 25
428 1 5 25
912 1 5 25
161 1 5 25
23 1 5 25
489 1 5 25
65 1 5 25
171 1 5 25
638 1 5 25
692 1 5 25
254 1 5 25
66 1 5 25
581 1 5 25
888 1 5 25
314 1 5 25
61 1 5 25
930 1 5 25
654 1 5 25
106 1 5 25
251 1 5 25
947 1 5 25
967 1 5 25
118 1 5 25
279 1 5 25
544 1 5 25
849 1 5 25
460 1 5 25
680 1 5 25
26 1 5 25
904 1 5 25
759 1 5 25
525 1 5 25
735 1 5 25
799 1 5 25
824 1 5 25
628 1 5 25
722 1 5 25
939 1 5 25
680 1 5 25
282 1 5 25
951 1 5 25
146 1 5 25
309 1 5 25
102 1 5 25
949 1 5 25
761 1 5 25
669 1 5 25
948 1 5 25
150 1 5 25
639 1 5 25
826 1 5 25
836 1 5 25
748 1 5 25
488 1 5 25
656 1 5 25
272 1 5 25
494 1 5 25
503 1 5 25
564 1 5 25
811 1 5 25
602 1 5 25
484 1 5 25
555 1 5 25
922 1 5 25
289 1 5 25
794 1 5 25
754 1 5 25
139 1 5 25
24 1 5 25
850 1 5 25
637 1 5 25
928 1 5 25
553 1 5 25
784 1 5 25
446 1 5 25
262 1 5 25
320 1 5 25
998 1 5 25
960 1 5 25
708 1 5 25
530 1 5 25
110 1 5 25
777 1 5 25
253 1 5 25
454 1 5 25
15 1 5 25
886 1 5 25
438 1 5 25
169 1 5 25
820 1 5 25
676 1 5 25
433 1 5 25
583 1 5 25
947 1 5 25
621 1 5 25
187 1 5 25
281 1 5 25
633 1 5 25
761 1 5 25
430 1 5 25
630 1 5 25
573 1 5 25
565 1 5 25
897 1 5 25
869 1 5 25
774 1 5 25
591 1 5 25
485 1 5 25
858 1 5 25
571 1 5 25
384 1 5 25
497 1 5 25
334 1 5 25
431 1 5 25
641 1 5 25
856 1 5 25
632 1 5 25
79 1 5 25
695 1 5 25
358 1 5 25
692 1 5 25
90 1 5 25
493 1 5 25
638 1 5 25
773 1 5 25
486 1 5 25
794 1 5 25
114 1 5 25
994 1 5 25
866 1 5 25
193 1 5 25
914 1 5 25
527 1 5 25
697 1 5 25
558 1 5 25
354 1 5 25
978 1 5 25
661 1 5 25
928 1 5 25
60 1 5 25
121 1 5 25
316 1 5 25
761 1 5 25
559 1 5 25
196 1 5 25
904 1 5 25
764 1 5 25
74 1 5 25
216 1 5 25
472 1 5 25
5 1 5 25
277 1 5 25
443 1 5 25
201 1 5 25
36 1 5 25
859 1 5 25
142 1 5 25
404 1 5 25
980 1 5 25
18 1 5 25
12 1 5 25
704 1 5 25
313 1 5 25
874 1 5 25
423 1 5 25
626 1 5 25
440 1 5 25
859 1 5 25
357 1 5 25
529 1 5 25
237 1 5 25
87 1 5 25
892 1 5 25
80 1 5 25
101 1 5 25
360 1 5 25
605 1 5 25
998 1 5 25
392 1 5 25
105 1 5 25
492 1 5 25
633 1 5 25
3 1 5 25
245 1 5 25
842 1 5 25
954 1 5 25
925 1 5 25
840 1 5 25
920 1 5 25
764 1 5 25
374 1 5 25
553 1 5 25
452 1 5 25
940 1 5 25
142 1 5 25
73 1 5 25
640 1 5 25
180 1 5 25
994 1 5 25
588 1 5 25
461 1 5 25
150 1 5 25
345 1 5 25
395 1 5 25
889 1 5 25
733 1 5 25
85 1 5 25
625 1 5 25
222 1 5 25
234 1 5 25
634 1 5 25
554 1 5 25
910 1 5 25
549 1 5 25
933 1 5 25
594 1 5 25
744 1 5 25
426 1 5 25
372 1 5 25
577 1 5 25
393 1 5 25
145 1 5 25
498 1 5 25
165 1 5 25
578 1 5 25
117 1 5 25
842 1 5 25
394 1 5 25
455 1 5 25
36 1 5 25
783 1 5 25
51 1 5 25
825 1 5 25
624 1 5 25
230 1 5 25
757 1 5 25
473 1 5 25
381 1 5 25
11 1 5 25
81 1 5 25
651 1 5 25
736 1 5 25
184 1 5 25
872 1 5 25
922 1 5 25
798 1 5 25
425 1 5 25
567 1 5 25
233 1 5 25
320 1 5 25
996 1 5 25
128 1 5 25
971 1 5 25
41 1 5 25
524 1 5 25
