[35, 93, 55, 98, 60, 72, 53, 85, 9, 7, 27, 91, 62, 40, 72, 68, 65, 70, 94, 58, 37, 22, 51, 93, 83, 24, 91, 3, 41, 86]
[527, 290, 420, 612, 259, 625, 0, 397, 109, 567, 63, 849, 527, 390, 101, 736, 105, 821, 787, 641, 876, 736, 274, 834, 74, 508, 842, 623, 485, 821]
[2, 90, 15, 67, 81, 17, 31, 54, 5, 66, 46, 50, 23, 79, 23, 15, 51, 3, 68, 43, 81, 34, 23, 50, 91, 19, 97, 98, 12, 88]
[299, 529, 349, 29, 781, 105, 906, 87, 385, 1, 347, 79, 96, 200, 257, 342, 936, 519, 807, 220, 195, 329, 460, 377, 36, 207, 544, 611, 296, 669]
[87, 89, 15, 3, 41, 80, 5, 39, 82, 69, 35, 44, 23, 31, 73, 69, 29, 14, 5, 66, 22, 92, 56, 66, 87, 65, 67, 44, 17, 36]
[589, 242, 653, 922, 628, 708, 194, 470, 139, 684, 411, 617, 972, 764, 913, 80, 616, 525, 684, 815, 201, 551, 876, 153, 137, 751, 978, 28, 51, 23]
[11, 5, 45, 75, 81, 76, 60, 46, 50, 91, 84, 18, 83, 70, 54, 39, 62, 91, 73, 71, 63, 57, 92, 12, 69, 4, 7, 83, 70, 71]
[236, 892, 875, 854, 195, 262, 687, 701, 887, 221, 867, 981, 242, 494, 263, 662, 346, 763, 331, 100, 896, 239, 243, 218, 11, 524, 982, 379, 337, 4]
[31, 53, 29, 35, 75, 86, 49, 53, 65, 67, 86, 52, 38, 41, 80, 9, 42, 42, 28, 41, 61, 33, 55, 95, 57, 23, 20, 3, 80, 77]
[91, 258, 30, 934, 170, 581, 354, 760, 203, 644, 772, 600, 483, 492, 548, 605, 587, 862, 550, 346, 445, 146, 249, 773, 354, 235, 297, 786, 547, 743]
[5, 29, 34, 72, 80, 69, 56, 49, 34, 50, 74, 55, 5, 91, 28, 21, 80, 35, 72, 65, 88, 43, 74, 6, 84, 25, 8, 89, 35, 55]
[237, 398, 137, 627, 308, 903, 8, 115, 587, 728, 695, 929, 202, 82, 76, 372, 828, 984, 267, 627, 449, 650, 447, 730, 158, 830, 405, 103, 884, 992]
[40, 99, 49, 39, 13, 25, 31, 79, 38, 46, 31, 16, 14, 86, 44, 44, 45, 77, 79, 20, 10, 48, 95, 19, 91, 9, 66, 62, 97, 89]
[660, 679, 480, 217, 94, 185, 181, 562, 5, 347, 516, 465, 510, 458, 633, 669, 314, 789, 213, 706, 690, 932, 462, 73, 22, 717, 407, 931, 392, 884]
[60, 30, 28, 21, 9, 80, 34, 39, 31, 65, 71, 51, 66, 28, 62, 83, 15, 62, 54, 26, 70, 37, 65, 11, 2, 94, 96, 22, 35, 11]
[271, 836, 450, 727, 358, 545, 105, 780, 637, 63, 124, 185, 214, 381, 814, 172, 445, 197, 736, 983, 182, 877, 67, 793, 369, 879, 63, 611, 988, 156]
[35, 9, 37, 64, 93, 52, 69, 54, 99, 45, 67, 22, 51, 7, 9, 79, 69, 98, 46, 11, 98, 4, 21, 70, 12, 9, 10, 3, 39, 71]
[254, 131, 949, 514, 432, 642, 880, 983, 661, 951, 963, 0, 905, 970, 218, 845, 733, 726, 156, 273, 96, 975, 383, 948, 77, 305, 247, 168, 26, 355]
[99, 41, 85, 94, 89, 15, 7, 96, 51, 99, 67, 10, 14, 43, 44, 60, 59, 79, 67, 1, 39, 62, 51, 11, 97, 81, 93, 62, 93, 0]
[892, 685, 430, 475, 566, 475, 163, 45, 297, 282, 206, 496, 384, 179, 705, 776, 200, 494, 644, 909, 655, 761, 901, 839, 945, 966, 593, 613, 869, 51]
[37, 48, 83, 60, 72, 57, 66, 45, 80, 57, 7, 75, 36, 38, 39, 38, 41, 97, 0, 4, 83, 91, 60, 36, 55, 71, 55, 79, 95, 13]
[286, 675, 387, 555, 739, 241, 397, 174, 599, 354, 932, 755, 7, 275, 59, 408, 871, 870, 57, 623, 172, 410, 227, 863, 850, 24, 470, 103, 296, 431]
[29, 86, 98, 45, 59, 30, 88, 20, 91, 38, 98, 80, 92, 62, 54, 4, 65, 39, 54, 18, 65, 87, 62, 40, 40, 88, 75, 77, 88, 75]
[12, 498, 611, 888, 480, 902, 705, 773, 87, 601, 855, 963, 569, 66, 330, 530, 138, 716, 241, 664, 253, 251, 686, 541, 209, 562, 140, 33, 114, 103]
[71, 86, 6, 28, 81, 84, 83, 32, 41, 57, 66, 70, 37, 63, 95, 94, 24, 87, 54, 87, 58, 15, 40, 62, 17, 17, 73, 47, 85, 60]
[118, 878, 11, 273, 599, 188, 358, 815, 351, 216, 662, 111, 569, 433, 103, 557, 259, 354, 848, 32, 71, 944, 581, 116, 306, 532, 168, 493, 163, 38]
[63, 27, 29, 74, 78, 86, 62, 46, 30, 76, 96, 39, 35, 97, 68, 97, 14, 32, 74, 15, 51, 85, 43, 6, 81, 53, 72, 83, 70, 47]
[561, 567, 171, 772, 285, 362, 150, 21, 636, 377, 975, 830, 807, 478, 69, 189, 776, 609, 949, 127, 617, 879, 360, 82, 192, 123, 88, 297, 655, 383]
[8, 81, 72, 88, 76, 57, 82, 31, 54, 57, 35, 16, 35, 35, 0, 23, 58, 62, 77, 51, 90, 52, 79, 87, 35, 89, 11, 82, 18, 81]
[164, 220, 215, 95, 215, 758, 840, 30, 361, 153, 907, 520, 433, 383, 874, 643, 917, 162, 301, 659, 427, 521, 839, 17, 650, 95, 331, 22, 980, 756]
[38, 45, 88, 68, 25, 77, 38, 34, 24, 3, 17, 2, 19, 1, 56, 13, 21, 44, 50, 0, 48, 37, 9, 49, 83, 78, 65, 52, 33, 5]
[213, 442, 216, 782, 856, 849, 176, 142, 509, 138, 838, 674, 50, 86, 12, 221, 313, 588, 251, 669, 236, 9, 703, 850, 607, 969, 607, 731, 687, 524]
[4, 77, 50, 5, 20, 85, 50, 82, 26, 22, 81, 30, 59, 26, 42, 87, 96, 43, 74, 74, 42, 64, 53, 66, 30, 22, 36, 56, 81, 64]
[561, 538, 433, 370, 126, 764, 381, 669, 551, 970, 156, 25, 469, 866, 116, 313, 569, 33, 804, 615, 66, 646, 908, 916, 785, 765, 680, 300, 873, 433]
[36, 22, 8, 0, 50, 28, 30, 90, 7, 29, 37, 34, 55, 17, 41, 91, 11, 80, 62, 94, 22, 71, 61, 21, 64, 8, 57, 2, 8, 4]
[722, 621, 322, 537, 44, 932, 382, 106, 187, 494, 100, 608, 749, 936, 22, 518, 58, 223, 542, 317, 148, 837, 810, 894, 365, 100, 468, 337, 762, 874]
[60, 80, 63, 1, 47, 33, 53, 32, 72, 55, 0, 29, 12, 14, 95, 6, 67, 4, 85, 27, 40, 10, 71, 77, 98, 16, 26, 71, 67, 37]
[629, 675, 465, 998, 407, 906, 819, 955, 835, 895, 701, 201, 626, 515, 781, 955, 759, 287, 680, 14, 405, 13, 238, 900, 471, 327, 238, 380, 329, 460]
[36, 50, 36, 35, 61, 46, 9, 18, 19, 51, 78, 16, 11, 16, 79, 76, 31, 94, 5, 21, 7, 14, 10, 51, 57, 69, 80, 19, 59, 11]
[917, 80, 884, 184, 742, 219, 654, 695, 90, 462, 823, 376, 555, 95, 791, 817, 386, 294, 683, 860, 32, 744, 855, 959, 117, 757, 422, 776, 332, 786]
[4, 74, 46, 16, 24, 73, 25, 75, 81, 17, 44, 43, 36, 20, 38, 19, 36, 88, 91, 37, 58, 65, 94, 13, 67, 56, 69, 77, 30, 97]
[143, 452, 194, 469, 546, 181, 414, 118, 268, 412, 743, 288, 636, 135, 695, 681, 320, 48, 838, 28, 124, 276, 463, 686, 813, 529, 495, 165, 863, 112]
[49, 29, 23, 4, 58, 36, 25, 96, 66, 8, 41, 90, 64, 1, 22, 4, 56, 56, 0, 58, 74, 44, 71, 36, 45, 84, 35, 47, 32, 22]
[285, 876, 696, 879, 65, 163, 883, 688, 523, 269, 710, 512, 232, 519, 282, 3, 762, 329, 336, 502, 146, 768, 609, 146, 697, 723, 385, 772, 390, 215]
[82, 97, 14, 39, 2, 86, 11, 65, 82, 21, 87, 34, 45, 77, 32, 19, 27, 61, 18, 81, 21, 38, 1, 56, 46, 29, 61, 96, 6, 4]
[115, 404, 180, 48, 485, 231, 877, 378, 313, 540, 675, 235, 197, 542, 847, 180, 258, 884, 210, 664, 457, 139, 484, 369, 635, 15, 431, 776, 623, 678]
[28, 78, 15, 42, 69, 14, 75, 56, 59, 76, 47, 89, 54, 25, 80, 28, 76, 32, 64, 54, 26, 1, 58, 94, 22, 57, 49, 33, 9, 67]
[267, 923, 179, 524, 428, 576, 756, 775, 663, 52, 106, 500, 7, 246, 383, 174, 477, 773, 676, 948, 928, 605, 776, 251, 847, 771, 515, 724, 972, 481]
[78, 4, 34, 27, 31, 92, 7, 38, 69, 49, 66, 55, 62, 10, 69, 46, 66, 89, 47, 24, 20, 29, 83, 29, 79, 52, 72, 26, 67, 73]
[623, 188, 723, 803, 956, 766, 566, 709, 608, 293, 307, 147, 948, 904, 841, 969, 568, 993, 778, 753, 275, 846, 745, 729, 778, 127, 685, 442, 291, 149]
[77, 48, 45, 86, 11, 27, 73, 66, 45, 64, 81, 20, 81, 91, 58, 85, 86, 75, 1, 74, 93, 59, 3, 40, 17, 63, 34, 73, 57, 53]
[967, 642, 346, 529, 448, 627, 554, 996, 864, 709, 535, 545, 76, 976, 214, 72, 653, 257, 273, 360, 864, 604, 407, 661, 159, 430, 23, 41, 819, 21]
[97, 49, 3, 19, 66, 91, 2, 85, 49, 35, 69, 68, 72, 3, 19, 72, 85, 43, 32, 96, 94, 99, 12, 8, 51, 56, 28, 30, 55, 81]
[328, 723, 604, 512, 434, 214, 852, 344, 382, 795, 25, 503, 729, 83, 30, 742, 43, 975, 5, 411, 264, 664, 535, 199, 184, 455, 411, 529, 920, 321]
[89, 46, 44, 14, 9, 80, 99, 69, 69, 39, 95, 68, 26, 3, 85, 59, 26, 63, 91, 99, 0, 95, 79, 18, 80, 84, 12, 30, 87, 26]
[507, 339, 718, 904, 270, 112, 60, 722, 881, 85, 288, 959, 766, 697, 85, 383, 268, 129, 930, 490, 385, 0, 992, 621, 608, 900, 962, 662, 452, 326]
[82, 19, 74, 88, 56, 99, 57, 61, 98, 90, 62, 88, 9, 55, 18, 90, 41, 36, 11, 58, 98, 7, 27, 40, 39, 81, 57, 67, 8, 75]
[756, 483, 575, 842, 493, 919, 910, 835, 373, 837, 76, 439, 190, 686, 640, 914, 365, 849, 970, 941, 768, 136, 0, 386, 365, 426, 95, 983, 763, 935]
[14, 96, 10, 40, 5, 88, 34, 50, 73, 45, 82, 56, 18, 91, 73, 59, 57, 72, 2, 12, 72, 61, 21, 24, 41, 47, 79, 64, 66, 5]
[592, 983, 625, 607, 786, 528, 328, 473, 439, 726, 817, 187, 276, 332, 437, 419, 56, 461, 173, 213, 233, 693, 197, 888, 361, 404, 195, 169, 831, 2]
[39, 25, 10, 63, 9, 13, 99, 67, 15, 4, 58, 95, 12, 59, 13, 34, 85, 35, 96, 61, 72, 63, 66, 52, 25, 8, 83, 97, 21, 84]
[826, 693, 861, 156, 178, 703, 405, 469, 636, 559, 45, 203, 389, 290, 861, 296, 650, 833, 871, 895, 752, 97, 348, 733, 359, 382, 764, 941, 107, 413]
[0, 80, 73, 37, 92, 57, 66, 84, 25, 60, 56, 3, 34, 29, 57, 80, 32, 73, 88, 3, 57, 79, 51, 99, 33, 56, 21, 83, 80, 80]
[800, 846, 316, 63, 83, 77, 919, 17, 853, 450, 460, 467, 76, 288, 678, 168, 577, 135, 158, 116, 392, 511, 354, 207, 83, 595, 228, 926, 517, 502]
[35, 32, 51, 85, 20, 12, 33, 91, 10, 90, 95, 57, 20, 87, 42, 74, 55, 44, 24, 93, 30, 19, 15, 55, 6, 24, 98, 28, 56, 72]
[330, 581, 499, 731, 346, 402, 989, 480, 756, 16, 545, 611, 21, 369, 648, 879, 616, 397, 480, 828, 437, 541, 292, 588, 751, 183, 240, 220, 754, 79]
[86, 27, 13, 79, 79, 34, 55, 97, 22, 68, 10, 34, 0, 16, 61, 61, 86, 45, 88, 42, 89, 86, 0, 92, 49, 38, 30, 4, 4, 1]
[731, 376, 475, 448, 576, 627, 171, 453, 969, 68, 868, 82, 65, 412, 778, 603, 976, 661, 34, 497, 606, 305, 818, 253, 168, 185, 211, 806, 624, 98]
[84, 54, 21, 94, 22, 99, 61, 89, 5, 70, 95, 36, 77, 61, 58, 22, 12, 78, 50, 81, 43, 79, 54, 49, 63, 41, 33, 44, 74, 13]
[711, 507, 206, 837, 488, 117, 203, 540, 127, 130, 423, 469, 279, 276, 611, 761, 259, 374, 261, 579, 742, 996, 108, 9, 428, 716, 762, 461, 281, 715]
[95, 9, 0, 75, 16, 69, 29, 20, 67, 47, 63, 42, 31, 82, 56, 60, 4, 8, 19, 52, 3, 88, 9, 30, 60, 80, 2, 76, 47, 22]
[337, 213, 66, 361, 631, 571, 210, 598, 783, 280, 261, 301, 803, 545, 640, 478, 79, 976, 354, 455, 501, 786, 660, 383, 236, 808, 229, 911, 777, 123]
[74, 2, 18, 93, 48, 35, 87, 36, 10, 69, 30, 93, 94, 62, 65, 36, 39, 41, 50, 7, 41, 65, 49, 41, 57, 74, 43, 89, 11, 53]
[867, 58, 854, 580, 94, 468, 623, 659, 109, 877, 628, 341, 380, 438, 616, 43, 572, 444, 169, 747, 116, 600, 177, 793, 854, 27, 186, 251, 760, 372]
[10, 3, 29, 51, 9, 97, 27, 27, 78, 80, 82, 29, 71, 55, 4, 82, 17, 49, 4, 58, 58, 76, 77, 32, 88, 82, 41, 63, 34, 18]
[315, 291, 648, 696, 141, 184, 81, 618, 882, 754, 786, 67, 358, 401, 478, 851, 826, 63, 510, 183, 370, 454, 138, 959, 982, 70, 799, 926, 38, 375]
[81, 6, 66, 54, 79, 46, 62, 22, 1, 82, 56, 7, 56, 53, 95, 23, 0, 64, 3, 44, 20, 94, 12, 39, 45, 31, 15, 22, 25, 96]
[624, 111, 312, 171, 139, 153, 124, 229, 474, 183, 826, 203, 92, 321, 786, 9, 687, 719, 82, 754, 748, 354, 477, 749, 146, 662, 354, 63, 416, 417]
[19, 57, 97, 76, 74, 58, 36, 13, 69, 3, 16, 54, 8, 31, 24, 76, 27, 74, 81, 30, 80, 50, 95, 26, 59, 15, 7, 83, 59, 65]
[248, 133, 38, 275, 976, 727, 546, 977, 663, 722, 644, 117, 50, 296, 514, 498, 203, 324, 329, 234, 244, 32, 287, 761, 234, 212, 712, 257, 267, 518]
[81, 15, 89, 12, 80, 18, 70, 23, 96, 63, 84, 93, 26, 98, 88, 36, 67, 87, 99, 40, 12, 4, 85, 82, 94, 64, 55, 21, 33, 32]
[135, 984, 926, 114, 27, 333, 936, 795, 721, 255, 514, 731, 901, 941, 742, 301, 759, 750, 229, 44, 973, 918, 868, 827, 368, 236, 209, 411, 237, 409]
[30, 88, 68, 35, 9, 2, 48, 13, 53, 48, 66, 56, 47, 88, 73, 52, 7, 69, 8, 3, 59, 63, 88, 56, 44, 14, 45, 75, 69, 39]
[796, 151, 683, 528, 316, 838, 383, 508, 318, 587, 560, 438, 844, 540, 21, 539, 213, 104, 776, 189, 289, 95, 748, 542, 662, 542, 332, 55, 318, 420]
[0, 20, 89, 82, 8, 59, 91, 81, 25, 21, 2, 6, 19, 58, 9, 8, 77, 31, 9, 73, 3, 47, 34, 15, 39, 26, 14, 64, 58, 22]
[387, 731, 601, 126, 56, 819, 61, 622, 84, 681, 902, 416, 965, 659, 436, 704, 685, 68, 529, 138, 320, 860, 241, 726, 684, 791, 87, 662, 886, 353]
[45, 59, 63, 58, 1, 88, 68, 14, 89, 61, 59, 81, 9, 63, 12, 31, 70, 69, 83, 57, 89, 23, 15, 61, 11, 49, 99, 38, 98, 94]
[654, 370, 794, 516, 378, 631, 785, 981, 953, 29, 988, 487, 665, 411, 910, 885, 0, 136, 952, 305, 457, 687, 492, 597, 687, 694, 599, 217, 246, 236]
[55, 77, 84, 84, 34, 76, 33, 84, 83, 32, 76, 58, 32, 9, 68, 50, 69, 39, 71, 55, 94, 62, 5, 88, 12, 79, 9, 10, 56, 12]
[988, 653, 42, 642, 958, 740, 930, 706, 585, 775, 386, 113, 789, 85, 591, 556, 781, 947, 466, 865, 24, 847, 820, 324, 557, 614, 252, 643, 422, 951]
[79, 20, 83, 6, 62, 94, 47, 37, 19, 38, 13, 64, 49, 39, 54, 43, 13, 37, 37, 10, 20, 30, 19, 0, 46, 44, 77, 76, 71, 6]
[559, 904, 262, 201, 418, 8, 789, 767, 13, 652, 661, 828, 283, 721, 291, 438, 359, 15, 650, 88, 722, 139, 869, 380, 89, 412, 286, 746, 374, 261]
[46, 29, 54, 39, 21, 37, 78, 87, 74, 78, 26, 2, 79, 0, 81, 53, 88, 47, 56, 79, 26, 64, 29, 75, 13, 52, 13, 45, 92, 32]
[258, 510, 954, 496, 661, 68, 141, 914, 614, 384, 881, 237, 162, 351, 429, 797, 550, 351, 874, 187, 802, 850, 837, 172, 395, 911, 421, 816, 43, 19]
[72, 93, 83, 8, 8, 56, 80, 83, 84, 69, 23, 7, 41, 12, 99, 61, 18, 74, 63, 29, 15, 28, 84, 9, 77, 87, 44, 0, 63, 5]
[146, 24, 887, 99, 486, 156, 722, 14, 117, 657, 517, 808, 738, 721, 843, 458, 4, 172, 694, 496, 259, 726, 36, 183, 118, 555, 888, 249, 39, 518]
[70, 63, 79, 18, 12, 89, 63, 14, 54, 42, 92, 49, 67, 31, 88, 24, 75, 53, 25, 3, 83, 40, 2, 5, 49, 75, 16, 23, 16, 82]
[4, 249, 133, 688, 304, 864, 927, 491, 263, 968, 612, 420, 623, 619, 660, 133, 795, 1, 473, 236, 909, 73, 396, 699, 275, 53, 235, 738, 77, 533]
[94, 41, 91, 74, 93, 57, 38, 12, 73, 87, 84, 25, 42, 35, 53, 9, 9, 27, 48, 10, 29, 40, 85, 40, 76, 56, 77, 47, 69, 49]
[304, 32, 388, 714, 86, 226, 373, 692, 194, 170, 518, 225, 173, 145, 372, 507, 393, 879, 805, 440, 489, 587, 100, 101, 263, 491, 686, 334, 68, 673]
[53, 38, 53, 97, 21, 53, 84, 51, 73, 59, 5, 27, 90, 70, 16, 95, 0, 37, 35, 48, 29, 11, 55, 45, 11, 32, 72, 75, 5, 53]
[569, 858, 960, 313, 971, 573, 897, 823, 985, 985, 842, 891, 751, 971, 383, 724, 668, 57, 332, 839, 110, 912, 700, 365, 230, 877, 609, 71, 118, 977]
[9, 63, 8, 57, 65, 72, 62, 33, 27, 93, 75, 4, 38, 80, 82, 6, 48, 66, 89, 22, 28, 21, 7, 3, 32, 83, 12, 95, 38, 0]
[618, 147, 943, 52, 542, 966, 382, 341, 689, 649, 659, 759, 141, 814, 584, 975, 753, 212, 511, 380, 66, 659, 903, 353, 547, 425, 315, 276, 208, 663]
[1, 85, 4, 84, 26, 9, 97, 3, 94, 49, 53, 69, 96, 36, 16, 76, 68, 29, 95, 12, 24, 36, 60, 44, 90, 90, 38, 89, 34, 38]
[971, 944, 924, 824, 115, 388, 841, 491, 41, 61, 702, 27, 377, 787, 136, 975, 572, 586, 575, 351, 562, 808, 394, 709, 174, 107, 306, 12, 118, 955]
[35, 61, 36, 1, 15, 61, 48, 51, 69, 13, 50, 53, 56, 75, 67, 4, 80, 67, 40, 79, 61, 12, 8, 41, 49, 71, 20, 25, 81, 35]
[923, 907, 177, 381, 357, 459, 246, 853, 417, 699, 222, 297, 293, 321, 585, 274, 553, 59, 505, 899, 897, 851, 78, 440, 812, 326, 104, 371, 484, 429]
[50, 3, 91, 58, 81, 67, 46, 39, 54, 21, 50, 68, 67, 67, 54, 35, 86, 37, 69, 9, 71, 73, 34, 92, 9, 19, 16, 68, 11, 55]
[358, 39, 68, 926, 797, 55, 36, 729, 946, 361, 825, 456, 896, 752, 635, 222, 662, 966, 549, 924, 773, 780, 655, 783, 8, 36, 918, 341, 521, 199]
[40, 94, 66, 67, 49, 69, 36, 40, 96, 1, 43, 77, 80, 21, 37, 35, 39, 56, 87, 68, 19, 45, 92, 39, 20, 6, 30, 14, 21, 54]
[109, 954, 548, 549, 553, 256, 279, 488, 417, 108, 57, 369, 192, 5, 400, 899, 711, 799, 532, 518, 894, 742, 677, 743, 239, 903, 602, 541, 615, 278]
[50, 3, 34, 9, 27, 40, 80, 89, 91, 74, 48, 11, 78, 7, 10, 51, 59, 35, 61, 71, 8, 79, 67, 79, 62, 19, 72, 86, 92, 69]
[349, 50, 498, 512, 32, 280, 900, 935, 54, 878, 581, 222, 337, 702, 591, 65, 761, 848, 815, 751, 593, 813, 593, 23, 530, 508, 76, 716, 440, 866]
[13, 86, 55, 95, 91, 19, 95, 24, 13, 87, 53, 79, 4, 5, 64, 79, 36, 56, 38, 82, 91, 54, 27, 25, 46, 4, 69, 15, 33, 86]
[948, 482, 483, 388, 226, 559, 462, 525, 750, 785, 829, 372, 609, 180, 604, 162, 338, 209, 6, 928, 897, 167, 365, 951, 888, 158, 480, 62, 200, 369]
[7, 58, 29, 2, 28, 83, 67, 48, 27, 61, 49, 11, 89, 80, 13, 79, 41, 62, 78, 82, 75, 84, 99, 78, 23, 74, 4, 84, 22, 73]
[510, 41, 164, 152, 652, 130, 242, 686, 194, 52, 76, 95, 25, 204, 146, 140, 872, 631, 284, 941, 498, 767, 504, 660, 628, 518, 494, 188, 753, 487]
[35, 94, 37, 16, 11, 94, 39, 88, 85, 73, 5, 44, 52, 69, 92, 56, 98, 19, 53, 98, 10, 59, 25, 66, 58, 63, 70, 20, 11, 57]
[488, 938, 146, 423, 99, 808, 33, 695, 257, 387, 811, 764, 553, 660, 967, 941, 637, 924, 396, 19, 648, 635, 74, 616, 890, 634, 268, 68, 564, 173]
[42, 93, 16, 98, 43, 8, 48, 82, 58, 40, 17, 45, 19, 7, 47, 98, 99, 89, 79, 58, 47, 89, 50, 54, 32, 51, 26, 53, 36, 65]
[338, 916, 543, 412, 538, 549, 903, 253, 981, 780, 238, 180, 437, 807, 708, 732, 445, 814, 714, 570, 48, 85, 947, 128, 91, 476, 315, 893, 146, 701]
[43, 86, 3, 60, 5, 37, 31, 76, 88, 48, 77, 10, 10, 76, 35, 81, 85, 58, 26, 64, 3, 99, 86, 54, 45, 94, 83, 74, 59, 71]
[575, 528, 947, 891, 257, 761, 148, 607, 668, 882, 206, 996, 139, 785, 97, 56, 239, 953, 757, 840, 189, 158, 340, 104, 151, 48, 366, 479, 75, 887]
[40, 76, 17, 8, 98, 21, 32, 78, 75, 16, 59, 18, 16, 11, 79, 41, 54, 11, 0, 31, 3, 96, 22, 17, 45, 40, 66, 83, 85, 58]
[548, 642, 760, 333, 633, 715, 680, 504, 391, 488, 535, 994, 623, 387, 27, 266, 990, 664, 294, 87, 713, 477, 938, 472, 93, 162, 224, 913, 614, 771]
[15, 13, 47, 12, 89, 7, 58, 80, 55, 62, 23, 91, 5, 23, 43, 82, 0, 20, 30, 45, 17, 86, 45, 47, 35, 21, 80, 6, 30, 39]
[753, 188, 508, 835, 971, 70, 221, 798, 490, 64, 113, 212, 189, 966, 285, 165, 766, 569, 939, 121, 420, 86, 796, 332, 123, 815, 32, 859, 180, 949]
[70, 61, 80, 68, 62, 91, 78, 12, 39, 81, 23, 7, 71, 18, 70, 42, 91, 69, 4, 91, 58, 79, 39, 77, 93, 67, 85, 5, 32, 37]
[483, 507, 298, 699, 74, 844, 360, 348, 811, 25, 235, 934, 237, 534, 701, 752, 669, 789, 437, 301, 517, 483, 638, 791, 496, 371, 272, 728, 511, 568]
[41, 12, 69, 68, 40, 15, 58, 33, 16, 52, 67, 79, 24, 93, 10, 80, 33, 41, 22, 98, 16, 6, 21, 70, 47, 70, 54, 19, 82, 50]
[662, 954, 718, 538, 837, 592, 383, 247, 118, 949, 456, 585, 617, 578, 551, 178, 872, 820, 411, 428, 520, 655, 60, 909, 398, 502, 639, 685, 516, 623]
[73, 38, 16, 79, 70, 79, 14, 43, 18, 88, 51, 28, 92, 95, 15, 95, 37, 4, 86, 58, 62, 38, 95, 74, 28, 97, 18, 37, 53, 32]
[169, 304, 203, 569, 428, 864, 767, 13, 369, 620, 148, 466, 121, 663, 0, 445, 229, 816, 631, 187, 813, 923, 564, 819, 738, 579, 691, 538, 876, 897]
[56, 12, 61, 39, 47, 19, 55, 20, 45, 25, 48, 45, 9, 63, 21, 77, 62, 19, 11, 81, 60, 95, 65, 55, 35, 34, 70, 82, 37, 26]
[626, 877, 864, 296, 410, 846, 129, 693, 791, 674, 624, 762, 604, 559, 428, 719, 789, 373, 369, 707, 258, 192, 296, 327, 353, 792, 187, 524, 24, 800]
[88, 57, 30, 49, 77, 87, 60, 43, 2, 35, 34, 30, 84, 73, 6, 5, 70, 58, 90, 26, 46, 8, 69, 55, 51, 41, 27, 0, 74, 43]
[637, 557, 582, 582, 846, 554, 273, 399, 105, 103, 8, 832, 283, 953, 30, 221, 514, 659, 609, 697, 310, 156, 163, 457, 796, 207, 379, 538, 226, 976]
[31, 92, 65, 67, 12, 13, 82, 88, 59, 85, 36, 78, 65, 75, 32, 92, 54, 87, 32, 37, 31, 82, 72, 52, 65, 16, 67, 45, 16, 54]
[896, 764, 878, 220, 231, 736, 626, 255, 477, 485, 276, 29, 802, 687, 825, 597, 707, 807, 359, 488, 460, 173, 700, 728, 393, 242, 244, 276, 963, 561]
[77, 23, 85, 55, 80, 89, 11, 81, 4, 73, 10, 76, 64, 54, 79, 3, 70, 88, 19, 62, 17, 51, 48, 30, 49, 40, 97, 36, 20, 82]
[439, 152, 744, 6, 515, 29, 694, 203, 584, 957, 526, 657, 96, 537, 748, 689, 119, 955, 479, 587, 376, 140, 869, 400, 971, 417, 426, 317, 575, 302]
[78, 32, 85, 58, 23, 19, 76, 43, 39, 35, 22, 92, 28, 44, 41, 96, 1, 77, 26, 77, 55, 22, 70, 10, 88, 90, 52, 67, 76, 74]
[342, 916, 714, 533, 972, 501, 817, 219, 157, 818, 19, 80, 439, 326, 643, 552, 114, 384, 585, 430, 6, 223, 701, 383, 966, 848, 348, 714, 903, 592]
[86, 66, 78, 51, 91, 14, 46, 73, 0, 43, 58, 98, 33, 76, 94, 18, 80, 17, 74, 59, 67, 81, 98, 98, 30, 9, 35, 96, 91, 24]
[449, 510, 881, 934, 508, 811, 218, 914, 974, 195, 33, 886, 159, 422, 668, 68, 892, 813, 426, 911, 234, 837, 738, 589, 952, 176, 652, 626, 876, 979]
[77, 76, 50, 48, 15, 64, 55, 43, 12, 88, 74, 64, 38, 38, 66, 16, 78, 33, 6, 44, 14, 22, 10, 73, 55, 81, 29, 81, 74, 28]
[318, 894, 34, 623, 377, 750, 566, 857, 578, 697, 229, 181, 117, 328, 258, 931, 129, 524, 232, 638, 928, 112, 141, 729, 70, 66, 776, 200, 862, 386]
[96, 4, 21, 20, 4, 47, 20, 53, 93, 45, 96, 81, 79, 75, 6, 36, 8, 67, 3, 7, 26, 71, 75, 7, 75, 61, 55, 92, 92, 28]
[381, 795, 593, 223, 848, 903, 748, 220, 167, 948, 816, 815, 596, 738, 692, 985, 186, 519, 634, 968, 71, 544, 423, 428, 697, 737, 417, 865, 145, 104]
[88, 30, 24, 74, 11, 55, 50, 92, 56, 63, 91, 1, 48, 33, 84, 74, 67, 10, 11, 47, 5, 62, 76, 2, 85, 52, 75, 79, 90, 93]
[884, 717, 164, 432, 990, 94, 946, 36, 3, 227, 815, 475, 288, 757, 494, 605, 724, 126, 833, 819, 959, 850, 871, 602, 519, 143, 605, 790, 491, 414]
[96, 7, 62, 65, 1, 38, 50, 87, 47, 63, 33, 72, 65, 90, 26, 56, 35, 97, 13, 1, 6, 84, 83, 90, 58, 53, 15, 37, 99, 59]
[225, 591, 952, 640, 27, 682, 49, 968, 587, 302, 908, 179, 972, 432, 739, 480, 896, 732, 491, 91, 836, 746, 648, 592, 590, 144, 752, 219, 122, 830]
[72, 74, 10, 57, 52, 18, 86, 35, 7, 40, 93, 75, 45, 97, 23, 77, 57, 21, 89, 68, 76, 47, 96, 56, 76, 84, 75, 79, 0, 36]
[11, 400, 554, 975, 534, 823, 537, 21, 151, 545, 198, 393, 451, 150, 922, 343, 18, 396, 823, 457, 566, 181, 953, 614, 649, 391, 537, 899, 131, 802]
[96, 49, 8, 80, 87, 77, 67, 90, 20, 65, 66, 1, 95, 47, 87, 48, 64, 34, 24, 57, 73, 65, 71, 54, 28, 10, 96, 67, 65, 78]
[226, 861, 737, 49, 740, 471, 593, 691, 457, 32, 405, 196, 490, 476, 646, 866, 5, 345, 316, 284, 272, 597, 292, 235, 801, 922, 612, 90, 861, 283]
[47, 26, 23, 94, 28, 39, 15, 16, 69, 50, 23, 17, 4, 39, 47, 25, 11, 46, 62, 63, 34, 43, 97, 47, 15, 91, 49, 40, 80, 67]
[109, 412, 90, 64, 96, 292, 538, 201, 157, 70, 953, 729, 983, 51, 417, 585, 357, 396, 656, 655, 409, 162, 12, 269, 256, 364, 485, 952, 696, 361]
[37, 87, 4, 77, 71, 39, 69, 42, 16, 86, 29, 28, 46, 25, 94, 31, 90, 63, 49, 5, 31, 61, 81, 28, 23, 11, 88, 92, 28, 20]
[550, 204, 31, 298, 364, 521, 661, 912, 693, 656, 379, 193, 616, 99, 235, 180, 871, 221, 381, 44, 816, 872, 494, 298, 604, 256, 727, 400, 920, 637]
[91, 6, 81, 56, 88, 73, 64, 92, 82, 74, 69, 19, 80, 53, 79, 22, 30, 49, 85, 87, 64, 46, 32, 3, 44, 69, 93, 39, 1, 80]
[921, 989, 569, 656, 387, 879, 441, 967, 877, 929, 724, 327, 556, 488, 570, 129, 942, 79, 698, 140, 773, 309, 917, 934, 488, 232, 97, 656, 589, 847]
[46, 97, 14, 1, 89, 46, 12, 62, 16, 25, 69, 88, 18, 82, 41, 8, 53, 80, 84, 27, 85, 18, 10, 72, 49, 60, 16, 20, 19, 21]
[404, 338, 852, 625, 136, 159, 900, 663, 688, 582, 347, 416, 127, 795, 14, 98, 284, 698, 44, 955, 144, 741, 643, 7, 994, 738, 924, 976, 120, 864]
[75, 96, 82, 72, 56, 18, 96, 6, 79, 90, 34, 95, 29, 82, 23, 88, 94, 78, 17, 13, 87, 35, 96, 56, 94, 66, 59, 70, 1, 44]
[232, 950, 228, 7, 207, 361, 804, 248, 456, 6, 177, 113, 57, 609, 340, 740, 763, 615, 104, 486, 574, 238, 536, 58, 253, 459, 21, 949, 691, 152]
[2, 23, 71, 8, 52, 86, 16, 13, 79, 49, 55, 49, 64, 95, 68, 29, 62, 44, 22, 77, 85, 80, 95, 1, 86, 13, 43, 74, 86, 36]
[13, 316, 635, 966, 451, 743, 187, 56, 49, 3, 509, 880, 512, 743, 373, 367, 110, 931, 662, 723, 468, 160, 377, 482, 673, 531, 178, 760, 955, 455]
[36, 27, 31, 3, 95, 67, 84, 84, 57, 73, 79, 8, 0, 19, 13, 55, 61, 91, 84, 90, 15, 68, 43, 84, 95, 57, 35, 84, 2, 17]
[989, 437, 720, 0, 694, 352, 857, 802, 209, 193, 881, 242, 402, 531, 554, 590, 499, 110, 836, 646, 108, 106, 948, 791, 628, 167, 274, 746, 360, 609]
[58, 34, 18, 1, 83, 37, 55, 39, 33, 1, 58, 52, 90, 37, 4, 85, 73, 30, 1, 70, 47, 58, 51, 3, 63, 17, 83, 99, 97, 0]
[202, 251, 649, 269, 471, 993, 867, 761, 634, 626, 820, 878, 558, 756, 304, 805, 514, 439, 695, 453, 725, 654, 683, 987, 213, 181, 813, 536, 80, 462]
[99, 96, 63, 57, 0, 89, 52, 75, 16, 38, 41, 69, 75, 64, 7, 68, 3, 76, 35, 89, 65, 96, 22, 65, 97, 40, 25, 39, 59, 58]
[500, 331, 364, 202, 319, 426, 353, 482, 515, 766, 289, 667, 532, 442, 45, 655, 198, 352, 6, 818, 56, 449, 994, 882, 828, 33, 828, 923, 737, 398]
[20, 84, 98, 73, 52, 61, 5, 83, 97, 99, 84, 89, 61, 7, 7, 28, 29, 16, 55, 51, 6, 65, 91, 80, 1, 80, 82, 37, 9, 39]
[36, 290, 36, 901, 594, 686, 994, 402, 509, 997, 529, 977, 77, 435, 325, 669, 728, 646, 279, 583, 980, 641, 764, 754, 886, 80, 8, 966, 881, 876]
[22, 17, 83, 88, 78, 80, 83, 17, 4, 29, 51, 64, 92, 66, 78, 20, 33, 92, 52, 99, 40, 56, 62, 36, 25, 56, 10, 87, 26, 42]
[578, 32, 991, 807, 784, 876, 282, 383, 980, 330, 618, 227, 249, 929, 695, 312, 319, 113, 505, 663, 232, 81, 592, 669, 476, 240, 730, 977, 889, 908]
[24, 17, 63, 9, 73, 84, 75, 23, 93, 74, 83, 40, 60, 65, 8, 11, 98, 79, 65, 38, 14, 26, 32, 40, 48, 37, 63, 17, 58, 75]
[825, 1, 275, 649, 567, 981, 673, 916, 527, 112, 460, 90, 652, 859, 637, 975, 336, 343, 557, 786, 124, 279, 745, 580, 694, 298, 722, 259, 237, 471]
[74, 28, 23, 7, 41, 22, 63, 30, 81, 48, 63, 9, 13, 1, 11, 50, 45, 55, 77, 53, 88, 49, 36, 90, 67, 28, 50, 98, 23, 67]
[320, 199, 560, 782, 752, 547, 994, 499, 449, 259, 26, 411, 610, 640, 406, 432, 716, 557, 730, 478, 731, 475, 968, 213, 800, 388, 176, 645, 364, 267]
[92, 53, 35, 48, 63, 99, 93, 59, 82, 33, 57, 89, 35, 68, 31, 41, 62, 62, 20, 99, 99, 53, 87, 53, 49, 41, 31, 76, 86, 78]
[728, 819, 875, 233, 738, 174, 81, 659, 54, 766, 529, 15, 25, 352, 970, 238, 273, 907, 563, 455, 147, 156, 82, 989, 930, 351, 909, 831, 313, 594]
[57, 16, 10, 43, 55, 68, 90, 6, 89, 91, 29, 93, 95, 26, 34, 25, 31, 93, 64, 42, 37, 83, 5, 36, 65, 31, 74, 30, 58, 8]
[773, 572, 11, 656, 169, 347, 505, 556, 201, 868, 797, 315, 895, 253, 820, 337, 750, 920, 558, 362, 205, 217, 115, 921, 377, 321, 503, 257, 853, 31]
[25, 48, 91, 68, 74, 96, 91, 37, 21, 13, 49, 27, 66, 47, 53, 84, 7, 25, 64, 51, 41, 95, 84, 53, 40, 52, 70, 90, 61, 5]
[103, 64, 209, 373, 693, 368, 531, 487, 475, 943, 828, 185, 712, 870, 791, 631, 913, 843, 984, 257, 220, 320, 788, 516, 757, 456, 681, 550, 40, 551]
[76, 58, 78, 3, 23, 55, 35, 30, 59, 4, 51, 98, 28, 14, 77, 67, 22, 1, 2, 57, 66, 45, 73, 99, 56, 39, 78, 61, 30, 45]
[75, 608, 159, 555, 101, 923, 793, 975, 527, 919, 260, 284, 610, 550, 459, 926, 951, 558, 36, 363, 632, 488, 554, 70, 181, 119, 855, 516, 435, 989]
[20, 62, 94, 85, 69, 21, 68, 41, 40, 11, 66, 1, 64, 85, 18, 14, 70, 24, 15, 45, 23, 11, 44, 61, 21, 87, 25, 78, 43, 64]
[808, 172, 625, 987, 245, 746, 651, 748, 895, 646, 972, 239, 499, 179, 139, 616, 566, 209, 712, 532, 742, 155, 459, 688, 794, 810, 717, 209, 153, 454]
[51, 59, 43, 94, 71, 70, 96, 18, 87, 75, 95, 84, 8, 62, 47, 94, 30, 20, 60, 9, 26, 15, 59, 68, 95, 64, 23, 73, 1, 20]
[570, 569, 457, 798, 452, 401, 810, 333, 748, 669, 137, 37, 985, 507, 324, 484, 168, 968, 575, 994, 723, 270, 312, 514, 848, 47, 607, 480, 592, 169]
[53, 11, 17, 48, 25, 54, 61, 24, 20, 28, 80, 66, 53, 58, 55, 27, 73, 65, 24, 61, 26, 53, 89, 62, 23, 77, 85, 9, 92, 86]
[421, 698, 785, 28, 353, 996, 500, 481, 915, 389, 613, 228, 243, 430, 514, 800, 354, 704, 499, 403, 729, 516, 712, 763, 7, 97, 635, 930, 562, 22]
[91, 99, 33, 85, 6, 51, 80, 20, 64, 48, 58, 56, 27, 57, 15, 15, 33, 21, 20, 13, 63, 18, 99, 61, 14, 50, 61, 88, 62, 35]
[683, 189, 56, 847, 985, 125, 71, 353, 10, 605, 507, 596, 158, 418, 96, 404, 202, 904, 591, 723, 949, 949, 761, 837, 471, 872, 604, 742, 752, 563]
